# Generated by conda-lock.
# platform: win-64
# input_hash: 6625c9e87950540249a5b47d168823bd4692125115e939f16d2d57a94d23023a

channels:
  - conda-forge
  - nodefaults
dependencies:
  - _openmp_mutex=4.5=2_gnu
  - annotated-types=0.7.0=pyhd8ed1ab_1
  - bzip2=1.0.8=h2466b09_7
  - ca-certificates=2025.1.31=h56e8100_0
  - cached-property=1.5.2=hd8ed1ab_1
  - cached_property=1.5.2=pyha770c72_1
  - discretize=0.10.0=py312h4f1204c_1
  - freetype=2.12.1=hdaf720e_2
  - h5py=3.13.0=nompi_py312ha036244_100
  - hdf5=1.14.3=nompi_hb2c4d47_109
  - intel-openmp=2024.2.1=h57928b3_1083
  - krb5=1.21.3=hdf4eb48_0
  - lcms2=2.17=hbcf6048_0
  - lerc=4.0.0=h63175ca_0
  - libaec=1.1.3=h63175ca_0
  - libblas=3.9.0=30_h576b46c_mkl
  - libcblas=3.9.0=30_h7ad3364_mkl
  - libcurl=8.12.1=h88aaa65_0
  - libdeflate=1.23=h9062f6e_0
  - libexpat=2.6.4=he0c23c2_0
  - libffi=3.4.6=h537db12_0
  - libgcc=14.2.0=h1383e82_1
  - libgomp=14.2.0=h1383e82_1
  - libhwloc=2.11.2=default_ha69328c_1001
  - libiconv=1.17=hcfcfb64_2
  - libjpeg-turbo=3.0.0=hcfcfb64_1
  - liblapack=3.9.0=30_hacfb0e4_mkl
  - liblzma=5.6.4=h2466b09_0
  - liblzma-devel=5.6.4=h2466b09_0
  - libpng=1.6.47=had7236b_0
  - libsqlite=3.49.1=h67fdade_1
  - libssh2=1.11.1=he619c9f_0
  - libtiff=4.7.0=h797046b_3
  - libwebp-base=1.5.0=h3b0e114_0
  - libwinpthread=12.0.0.r4.gg4f2fc60ca=h57928b3_9
  - libxcb=1.17.0=h0e4246c_0
  - libxml2=2.13.5=he286e8c_1
  - libzlib=1.3.1=h2466b09_2
  - mkl=2024.2.2=h66d3029_15
  - numpy=1.26.4=py312h8753938_0
  - openjpeg=2.5.3=h4d64b90_0
  - openssl=3.4.1=ha4e3fda_0
  - pandas=2.2.3=py312h72972c8_1
  - pillow=10.3.0=py312h381445a_1
  - pip=25.0.1=pyh8b19718_0
  - pthread-stubs=0.4=h0e40799_1002
  - pydantic=2.5.3=pyhd8ed1ab_0
  - pydantic-core=2.14.6=py312hfccd98a_1
  - python=3.12.3=h2628c8c_0_cpython
  - python-dateutil=2.9.0.post0=pyhff2d567_1
  - python-tzdata=2025.1=pyhd8ed1ab_0
  - python_abi=3.12=5_cp312
  - pytz=2024.1=pyhd8ed1ab_0
  - scipy=1.14.1=py312h337df96_2
  - setuptools=75.8.0=pyhff2d567_0
  - six=1.17.0=pyhd8ed1ab_0
  - tbb=2021.13.0=h62715c5_1
  - tk=8.6.13=h5226925_1
  - typing-extensions=4.12.2=hd8ed1ab_1
  - typing_extensions=4.12.2=pyha770c72_1
  - tzdata=2025a=h78e105d_0
  - ucrt=10.0.22621.0=h57928b3_1
  - vc=14.3=h5fd82a7_24
  - vc14_runtime=14.42.34433=h6356254_24
  - vs2015_runtime=14.42.34433=hfef2bbc_24
  - wheel=0.45.1=pyhd8ed1ab_1
  - xorg-libxau=1.0.12=h0e40799_0
  - xorg-libxdmcp=1.1.5=h0e40799_0
  - xz=5.6.4=h208afaa_0
  - xz-tools=5.6.4=h2466b09_0
  - zstd=1.5.7=hbeecb71_0
  - pip:
      - geoapps-utils == 0.4.0 --hash=sha256:22baa6f49c09e02ab65efd07fbab1421982f17aefc98749febf858da2b47d6ef
      - geoh5py == 0.10.1 --hash=sha256:6ad70a64f5d5ae25c84c1d75f8142a0b34204027041a3edaf1b036fa9e571cf2

variables:
  KMP_WARNINGS: 0
